19
2
221 188
7
102 21 347 279
225
0.000000 0.000000 0.000000 0.000000 0.000000 0.000000 0.000000 0.000000 0.000000 0.000000 0.000000 0.000000 0.000000 0.000000 0.000000 0.000000 0.000000 0.000000 0.000000 0.000000 0.000000 0.000000 0.000000 0.000000 0.000000 0.000000 0.000000 0.000000 0.000000 0.000000 0.000000 0.000000 0.000000 0.000000 0.000000 0.000000 0.000000 0.000000 0.000000 0.000000 0.000000 0.000000 0.000000 0.000000 0.000000 0.000000 0.000000 0.000000 0.000000 0.000000 0.000000 0.000000 0.000000 0.000000 0.000000 0.000000 0.000000 0.000000 7.342838 18.357094 23.864223 2.753564 0.000000 0.000000 0.000000 0.000000 0.000000 0.917855 23.864223 22.028513 4.589274 0.000000 9.178547 14.685675 1.835709 0.000000 16.521385 0.000000 0.000000 0.000000 0.000000 0.000000 24.782077 0.000000 0.000000 22.946368 0.000000 17.439240 0.000000 0.000000 0.000000 15.603530 0.000000 0.000000 0.000000 0.000000 4.589274 10.096402 0.000000 0.000000 11.932111 6.424983 11.932111 0.000000 0.000000 0.000000 11.932111 0.917855 0.000000 0.000000 0.000000 13.767821 0.000000 0.000000 0.000000 0.000000 28.453496 0.000000 0.000000 0.000000 0.000000 0.000000 15.603530 0.000000 0.000000 0.000000 12.849966 0.000000 0.000000 0.000000 0.000000 27.535641 0.000000 0.000000 0.000000 0.000000 0.000000 14.685675 34.878479 47.728445 16.521385 12.849966 0.000000 0.000000 0.000000 0.000000 16.521385 0.000000 0.000000 0.000000 0.000000 0.000000 17.439240 20.192804 0.000000 24.782077 11.014257 0.000000 0.000000 0.000000 0.000000 0.000000 0.000000 0.000000 0.000000 0.000000 0.000000 32.124915 0.000000 0.000000 21.110658 12.849966 0.000000 0.000000 0.000000 0.000000 0.000000 0.000000 0.000000 0.000000 0.000000 0.000000 32.124915 0.000000 0.000000 0.917855 18.357094 0.000000 0.000000 0.000000 0.000000 0.000000 0.000000 0.000000 0.000000 0.000000 0.000000 0.917855 0.000000 0.000000 0.000000 0.000000 0.000000 0.000000 0.000000 0.000000 0.000000 0.000000 0.000000 0.000000 0.000000 0.000000 0.000000 0.000000 0.000000 0.000000 0.000000 0.000000 0.000000 0.000000 0.000000 0.000000 0.000000 0.000000 0.000000 
d
3
213 167
7
74 39 343 300
225
0.000000 0.000000 0.000000 0.000000 0.000000 0.000000 0.000000 0.000000 0.000000 0.000000 0.000000 0.000000 0.000000 0.000000 0.000000 0.000000 0.000000 0.000000 0.000000 0.000000 0.000000 0.000000 0.000000 0.000000 0.000000 0.000000 0.000000 0.000000 0.000000 0.000000 0.000000 0.000000 0.000000 0.000000 0.000000 0.000000 0.000000 0.000000 0.000000 0.000000 0.000000 0.000000 0.000000 0.000000 0.000000 0.000000 0.000000 0.000000 0.000000 0.000000 0.000000 0.000000 0.000000 0.000000 0.000000 0.000000 0.000000 0.000000 0.000000 0.000000 0.000000 0.000000 0.000000 0.000000 0.000000 0.000000 0.000000 0.000000 0.000000 0.000000 0.000000 0.000000 0.000000 0.000000 0.000000 0.000000 0.000000 0.000000 0.000000 0.000000 0.000000 0.000000 0.000000 0.000000 0.000000 0.000000 0.000000 0.000000 0.000000 0.000000 0.000000 0.000000 0.000000 0.000000 0.000000 0.000000 0.000000 0.000000 0.000000 0.000000 0.000000 0.000000 0.000000 0.000000 0.000000 0.000000 0.000000 0.000000 0.000000 0.000000 0.000000 0.000000 0.000000 0.000000 0.000000 0.000000 0.000000 0.000000 0.000000 0.000000 0.000000 0.000000 0.000000 0.000000 5.513272 0.000000 0.000000 31.012156 15.161498 0.000000 0.000000 0.000000 0.000000 0.000000 0.000000 39.282064 10.337385 0.000000 32.390474 32.390474 10.337385 17.918134 5.513272 23.431406 0.000000 9.648226 37.214587 29.633838 0.000000 10.337385 0.000000 24.120565 11.026544 8.269908 0.000000 18.607293 17.228975 0.000000 0.000000 17.918134 24.120565 0.000000 11.715703 8.959067 23.431406 0.000000 11.715703 19.296452 0.000000 0.000000 18.607293 13.783180 0.000000 0.000000 15.161498 15.161498 0.000000 0.000000 18.607293 12.404862 0.000000 0.000000 29.633838 0.000000 0.000000 0.689159 0.000000 0.000000 0.000000 27.566361 1.378318 0.000000 0.000000 31.701315 0.000000 0.000000 0.000000 0.000000 0.000000 0.000000 0.000000 0.000000 0.000000 0.000000 0.000000 0.000000 0.000000 0.000000 2.756636 0.000000 0.000000 0.000000 0.000000 0.000000 0.000000 0.000000 0.000000 0.000000 0.000000 0.000000 0.000000 0.000000 0.000000 0.000000 0.000000 
d
4
264 326
7
58 209 443 442
225
0.000000 0.000000 0.000000 0.000000 0.000000 0.000000 0.000000 0.000000 0.000000 0.000000 0.000000 0.000000 0.000000 0.000000 0.000000 0.000000 0.000000 0.000000 0.000000 0.000000 0.000000 0.000000 0.000000 0.000000 0.000000 3.431344 12.867542 13.725378 1.715672 0.000000 0.000000 0.000000 14.583214 17.156722 14.583214 19.730231 8.578361 0.000000 0.000000 12.009706 14.583214 0.000000 0.000000 20.588067 2.573508 0.000000 7.720525 13.725378 0.000000 0.000000 0.000000 20.588067 0.000000 0.000000 18.872395 0.000000 0.000000 0.000000 0.000000 21.445903 0.000000 2.573508 24.877247 0.000000 0.000000 0.000000 12.009706 7.720525 0.000000 18.014559 0.000000 0.000000 0.000000 13.725378 12.009706 0.000000 0.000000 22.303739 0.000000 0.000000 0.000000 0.000000 18.014559 15.441050 2.573508 0.000000 0.000000 0.000000 22.303739 0.000000 0.000000 8.578361 49.754495 10.294033 0.000000 0.000000 0.000000 17.156722 18.014559 0.000000 0.000000 0.000000 0.000000 54.901512 7.720525 1.715672 37.744789 0.000000 0.000000 0.000000 0.000000 0.000000 17.156722 17.156722 0.000000 0.000000 0.000000 0.000000 1.715672 35.171281 36.886953 15.441050 0.000000 0.000000 0.000000 0.000000 0.000000 18.014559 17.156722 0.000000 0.000000 0.000000 0.000000 0.000000 0.000000 35.171281 0.000000 0.000000 0.000000 0.000000 0.000000 0.000000 30.882100 51.470167 0.000000 0.000000 0.000000 0.000000 0.000000 0.000000 0.000000 0.000000 0.000000 0.000000 0.000000 0.000000 0.000000 0.000000 0.000000 0.000000 0.000000 0.000000 0.000000 0.000000 0.000000 0.000000 0.000000 0.000000 0.000000 0.000000 0.000000 0.000000 0.000000 0.000000 0.000000 0.000000 0.000000 0.000000 0.000000 0.000000 0.000000 0.000000 0.000000 0.000000 0.000000 0.000000 0.000000 0.000000 0.000000 0.000000 0.000000 0.000000 0.000000 0.000000 0.000000 0.000000 0.000000 0.000000 0.000000 0.000000 0.000000 0.000000 0.000000 0.000000 0.000000 0.000000 0.000000 0.000000 0.000000 0.000000 0.000000 0.000000 0.000000 0.000000 0.000000 0.000000 0.000000 0.000000 0.000000 0.000000 0.000000 0.000000 0.000000 0.000000 0.000000 
d
5
273 313
7
108 186 465 422
225
0.000000 0.000000 0.000000 0.000000 0.000000 0.000000 0.000000 0.000000 0.000000 0.000000 0.000000 0.000000 0.000000 0.000000 0.000000 0.000000 0.000000 0.000000 0.000000 0.000000 0.000000 0.000000 0.000000 0.000000 0.000000 13.688221 10.038029 10.038029 12.775673 6.387836 0.000000 0.000000 0.000000 15.513317 18.250961 19.163509 0.000000 0.000000 0.000000 16.425865 3.650192 0.000000 0.000000 0.000000 18.250961 0.000000 0.000000 19.163509 5.475288 0.000000 1.825096 20.988605 0.000000 0.000000 21.901154 0.000000 0.000000 0.000000 0.000000 16.425865 9.125481 0.000000 20.988605 0.000000 0.000000 0.000000 20.988605 0.000000 0.000000 9.125481 14.600769 0.000000 0.000000 0.000000 9.125481 16.425865 10.038029 7.300385 0.000000 0.000000 12.775673 7.300385 0.000000 0.000000 0.000000 20.988605 0.000000 0.000000 0.000000 0.000000 17.338413 19.163509 0.000000 0.000000 0.000000 19.163509 1.825096 0.000000 0.000000 32.851730 45.627403 0.000000 0.000000 0.000000 0.000000 17.338413 18.250961 0.000000 0.000000 0.000000 29.201538 40.152115 21.901154 21.901154 6.387836 0.000000 0.000000 0.000000 0.000000 0.000000 16.425865 17.338413 0.000000 0.000000 0.000000 0.000000 0.000000 27.376442 20.988605 0.000000 0.000000 0.000000 0.000000 0.000000 0.000000 49.277595 42.889759 0.000000 0.000000 0.000000 0.000000 0.000000 8.212933 19.163509 0.000000 0.000000 0.000000 0.000000 0.000000 0.000000 0.000000 0.000000 0.000000 0.000000 0.000000 0.000000 0.000000 0.000000 0.000000 0.000000 0.000000 0.000000 0.000000 0.000000 0.000000 0.000000 0.000000 0.000000 0.000000 0.000000 0.000000 0.000000 0.000000 0.000000 0.000000 0.000000 0.000000 0.000000 0.000000 0.000000 0.000000 0.000000 0.000000 0.000000 0.000000 0.000000 0.000000 0.000000 0.000000 0.000000 0.000000 0.000000 0.000000 0.000000 0.000000 0.000000 0.000000 0.000000 0.000000 0.000000 0.000000 0.000000 0.000000 0.000000 0.000000 0.000000 0.000000 0.000000 0.000000 0.000000 0.000000 0.000000 0.000000 0.000000 0.000000 0.000000 0.000000 0.000000 0.000000 0.000000 0.000000 0.000000 0.000000 0.000000 0.000000 
d
1
282 116
10
252 84 315 148
225
0.000000 0.000000 0.000000 0.000000 0.000000 0.000000 0.000000 0.000000 0.000000 0.000000 0.000000 0.000000 0.000000 0.000000 0.000000 0.000000 0.000000 0.000000 0.000000 0.000000 0.000000 0.000000 0.000000 0.000000 0.000000 0.000000 0.000000 0.000000 0.000000 0.000000 0.000000 0.000000 0.000000 0.000000 0.000000 0.000000 0.000000 0.000000 0.000000 0.000000 0.000000 0.000000 0.000000 0.000000 0.000000 0.000000 0.000000 0.000000 0.000000 0.000000 0.000000 0.000000 0.000000 0.000000 0.000000 0.000000 0.000000 0.000000 0.000000 0.000000 0.000000 0.000000 0.000000 0.000000 0.000000 0.000000 0.000000 0.000000 0.000000 0.000000 0.000000 0.000000 0.000000 0.000000 0.000000 0.000000 0.000000 0.000000 0.000000 0.000000 0.000000 0.000000 0.000000 0.000000 0.000000 0.000000 0.000000 0.000000 0.000000 0.000000 0.000000 0.000000 0.000000 0.000000 0.000000 0.000000 0.000000 0.000000 0.000000 0.000000 0.000000 0.000000 0.000000 0.000000 0.000000 37.480525 40.887846 10.221961 6.814641 6.814641 27.258564 27.258564 13.629282 0.000000 30.665884 27.258564 17.036602 27.258564 37.480525 40.887846 0.000000 0.000000 23.851243 34.073205 37.480525 6.814641 6.814641 27.258564 40.887846 3.407320 3.407320 27.258564 6.814641 0.000000 0.000000 0.000000 0.000000 0.000000 0.000000 0.000000 0.000000 0.000000 0.000000 0.000000 0.000000 0.000000 0.000000 0.000000 0.000000 0.000000 0.000000 0.000000 0.000000 0.000000 0.000000 0.000000 0.000000 0.000000 0.000000 0.000000 0.000000 0.000000 0.000000 0.000000 0.000000 0.000000 0.000000 0.000000 0.000000 0.000000 0.000000 0.000000 0.000000 0.000000 0.000000 0.000000 0.000000 0.000000 0.000000 0.000000 0.000000 0.000000 0.000000 0.000000 0.000000 0.000000 0.000000 0.000000 0.000000 0.000000 0.000000 0.000000 0.000000 0.000000 0.000000 0.000000 0.000000 0.000000 0.000000 0.000000 0.000000 0.000000 0.000000 0.000000 0.000000 0.000000 0.000000 0.000000 0.000000 0.000000 0.000000 0.000000 0.000000 0.000000 0.000000 0.000000 0.000000 0.000000 0.000000 0.000000 0.000000 0.000000 0.000000 0.000000 0.000000 
d
2
288 214
4
240 151 332 253
225
0.000000 0.000000 0.000000 0.000000 0.000000 0.000000 0.000000 0.000000 0.000000 0.000000 0.000000 0.000000 0.000000 0.000000 0.000000 0.000000 0.000000 0.000000 0.000000 0.000000 0.000000 0.000000 0.000000 0.000000 0.000000 0.000000 0.000000 0.000000 0.000000 0.000000 0.000000 0.000000 0.000000 0.000000 0.000000 0.000000 0.000000 0.000000 0.000000 0.000000 0.000000 0.000000 0.000000 0.000000 0.000000 0.000000 0.000000 0.000000 0.000000 0.000000 0.000000 0.000000 5.142568 17.998987 20.570271 23.141555 0.000000 0.000000 0.000000 0.000000 25.712839 0.000000 0.000000 0.000000 0.000000 0.000000 0.000000 20.570271 0.000000 0.000000 0.000000 17.998987 0.000000 17.998987 23.141555 2.571284 20.570271 0.000000 0.000000 0.000000 0.000000 5.142568 10.285136 0.000000 0.000000 0.000000 15.427703 10.285136 12.856420 0.000000 0.000000 23.141555 0.000000 0.000000 0.000000 0.000000 15.427703 0.000000 0.000000 0.000000 0.000000 12.856420 20.570271 0.000000 0.000000 0.000000 10.285136 5.142568 12.856420 46.283110 17.998987 12.856420 0.000000 0.000000 0.000000 0.000000 2.571284 25.712839 0.000000 0.000000 0.000000 0.000000 17.998987 33.426691 0.000000 28.284123 12.856420 0.000000 0.000000 0.000000 0.000000 0.000000 7.713852 0.000000 0.000000 0.000000 0.000000 28.284123 7.713852 0.000000 7.713852 30.855407 0.000000 0.000000 0.000000 0.000000 0.000000 0.000000 0.000000 0.000000 0.000000 0.000000 35.997975 0.000000 0.000000 0.000000 10.285136 0.000000 0.000000 0.000000 0.000000 0.000000 0.000000 0.000000 0.000000 0.000000 0.000000 10.285136 0.000000 0.000000 0.000000 0.000000 0.000000 0.000000 0.000000 0.000000 0.000000 0.000000 0.000000 0.000000 0.000000 0.000000 0.000000 0.000000 0.000000 0.000000 0.000000 0.000000 0.000000 0.000000 0.000000 0.000000 0.000000 0.000000 0.000000 0.000000 0.000000 0.000000 0.000000 0.000000 0.000000 0.000000 0.000000 0.000000 0.000000 0.000000 0.000000 0.000000 0.000000 0.000000 0.000000 0.000000 0.000000 0.000000 0.000000 0.000000 0.000000 0.000000 0.000000 0.000000 0.000000 0.000000 0.000000 0.000000 0.000000 
d
5
309 221
10
230 171 397 268
225
0.000000 0.000000 0.000000 0.000000 0.000000 0.000000 0.000000 0.000000 0.000000 0.000000 0.000000 0.000000 0.000000 0.000000 0.000000 0.000000 0.000000 0.000000 0.000000 0.000000 0.000000 0.000000 0.000000 0.000000 0.000000 12.382285 12.382285 10.318571 14.445999 2.063714 0.000000 0.000000 4.127428 22.700856 14.445999 22.700856 4.127428 0.000000 0.000000 4.127428 18.573428 0.000000 0.000000 0.000000 22.700856 4.127428 0.000000 24.764571 0.000000 0.000000 10.318571 8.254857 0.000000 0.000000 0.000000 22.700856 0.000000 0.000000 0.000000 14.445999 18.573428 2.063714 16.509714 0.000000 0.000000 18.573428 0.000000 0.000000 0.000000 0.000000 6.191143 12.382285 0.000000 0.000000 0.000000 18.573428 20.637142 0.000000 0.000000 0.000000 37.146856 35.083142 0.000000 0.000000 26.828285 35.083142 14.445999 0.000000 0.000000 0.000000 18.573428 20.637142 0.000000 0.000000 0.000000 4.127428 4.127428 26.828285 8.254857 18.573428 0.000000 0.000000 0.000000 0.000000 0.000000 18.573428 18.573428 0.000000 0.000000 0.000000 0.000000 0.000000 22.700856 24.764571 0.000000 0.000000 0.000000 0.000000 0.000000 0.000000 18.573428 18.573428 0.000000 0.000000 0.000000 0.000000 0.000000 4.127428 37.146856 0.000000 0.000000 0.000000 0.000000 0.000000 0.000000 35.083142 33.019427 0.000000 0.000000 0.000000 0.000000 0.000000 0.000000 10.318571 0.000000 0.000000 0.000000 0.000000 0.000000 0.000000 0.000000 0.000000 0.000000 0.000000 0.000000 0.000000 0.000000 0.000000 0.000000 0.000000 0.000000 0.000000 0.000000 0.000000 0.000000 0.000000 0.000000 0.000000 0.000000 0.000000 0.000000 0.000000 0.000000 0.000000 0.000000 0.000000 0.000000 0.000000 0.000000 0.000000 0.000000 0.000000 0.000000 0.000000 0.000000 0.000000 0.000000 0.000000 0.000000 0.000000 0.000000 0.000000 0.000000 0.000000 0.000000 0.000000 0.000000 0.000000 0.000000 0.000000 0.000000 0.000000 0.000000 0.000000 0.000000 0.000000 0.000000 0.000000 0.000000 0.000000 0.000000 0.000000 0.000000 0.000000 0.000000 0.000000 0.000000 0.000000 0.000000 0.000000 0.000000 0.000000 0.000000 0.000000 0.000000 
d
5
329 214
10
242 169 411 266
225
0.000000 0.000000 0.000000 0.000000 0.000000 0.000000 0.000000 0.000000 0.000000 0.000000 0.000000 0.000000 0.000000 0.000000 0.000000 0.000000 0.000000 10.270437 12.324524 10.270437 14.378611 6.162262 0.000000 0.000000 0.000000 0.000000 0.000000 0.000000 0.000000 0.000000 0.000000 0.000000 20.540873 0.000000 0.000000 0.000000 18.486786 4.108175 0.000000 0.000000 22.594961 16.432699 18.486786 18.486786 0.000000 0.000000 0.000000 6.162262 14.378611 0.000000 0.000000 0.000000 20.540873 0.000000 18.486786 2.054087 0.000000 0.000000 20.540873 0.000000 0.000000 0.000000 0.000000 18.486786 0.000000 0.000000 0.000000 18.486786 0.000000 22.594961 0.000000 0.000000 0.000000 20.540873 0.000000 0.000000 14.378611 39.027659 18.486786 0.000000 0.000000 0.000000 20.540873 0.000000 18.486786 0.000000 0.000000 16.432699 39.027659 8.216349 0.000000 24.649048 0.000000 0.000000 0.000000 0.000000 0.000000 16.432699 8.216349 12.324524 0.000000 0.000000 0.000000 0.000000 34.919485 34.919485 14.378611 0.000000 0.000000 0.000000 0.000000 0.000000 18.486786 18.486786 0.000000 0.000000 0.000000 0.000000 0.000000 2.054087 41.081747 0.000000 0.000000 0.000000 0.000000 0.000000 0.000000 18.486786 20.540873 0.000000 0.000000 0.000000 0.000000 0.000000 0.000000 6.162262 0.000000 0.000000 0.000000 0.000000 0.000000 0.000000 14.378611 53.406271 0.000000 0.000000 0.000000 0.000000 0.000000 0.000000 0.000000 0.000000 0.000000 0.000000 0.000000 0.000000 0.000000 0.000000 0.000000 0.000000 0.000000 0.000000 0.000000 0.000000 0.000000 0.000000 0.000000 0.000000 0.000000 0.000000 0.000000 0.000000 0.000000 0.000000 0.000000 0.000000 0.000000 0.000000 0.000000 0.000000 0.000000 0.000000 0.000000 0.000000 0.000000 0.000000 0.000000 0.000000 0.000000 0.000000 0.000000 0.000000 0.000000 0.000000 0.000000 0.000000 0.000000 0.000000 0.000000 0.000000 0.000000 0.000000 0.000000 0.000000 0.000000 0.000000 0.000000 0.000000 0.000000 0.000000 0.000000 0.000000 0.000000 0.000000 0.000000 0.000000 0.000000 0.000000 0.000000 0.000000 0.000000 0.000000 0.000000 0.000000 0.000000 
d
2
316 238
7
277 192 349 268
225
0.000000 0.000000 0.000000 0.000000 0.000000 0.000000 0.000000 0.000000 0.000000 0.000000 0.000000 0.000000 0.000000 0.000000 0.000000 0.000000 0.000000 0.000000 0.000000 0.000000 0.000000 0.000000 0.000000 0.000000 0.000000 0.000000 0.000000 0.000000 0.000000 0.000000 0.000000 0.000000 0.000000 0.000000 0.000000 0.000000 0.000000 0.000000 0.000000 13.899332 3.474833 0.000000 0.000000 0.000000 0.000000 0.000000 0.000000 0.000000 0.000000 0.000000 0.000000 0.000000 6.949666 20.848998 6.949666 17.374165 10.424499 0.000000 0.000000 0.000000 13.899332 0.000000 0.000000 0.000000 0.000000 0.000000 0.000000 13.899332 0.000000 0.000000 0.000000 13.899332 0.000000 0.000000 24.323831 17.374165 17.374165 0.000000 0.000000 0.000000 0.000000 0.000000 17.374165 0.000000 0.000000 0.000000 10.424499 3.474833 27.798664 6.949666 0.000000 24.323831 0.000000 0.000000 41.697995 20.848998 13.899332 6.949666 0.000000 0.000000 0.000000 0.000000 41.697995 3.474833 0.000000 0.000000 13.899332 0.000000 31.273496 3.474833 24.323831 17.374165 0.000000 0.000000 0.000000 0.000000 0.000000 31.273496 0.000000 0.000000 0.000000 3.474833 20.848998 24.323831 0.000000 0.000000 34.748329 0.000000 0.000000 0.000000 0.000000 0.000000 6.949666 0.000000 0.000000 0.000000 0.000000 34.748329 0.000000 0.000000 0.000000 13.899332 0.000000 0.000000 0.000000 0.000000 0.000000 0.000000 0.000000 0.000000 0.000000 0.000000 34.748329 0.000000 0.000000 0.000000 0.000000 0.000000 0.000000 0.000000 0.000000 0.000000 0.000000 0.000000 0.000000 0.000000 0.000000 3.474833 0.000000 0.000000 0.000000 0.000000 0.000000 0.000000 0.000000 0.000000 0.000000 0.000000 0.000000 0.000000 0.000000 0.000000 0.000000 0.000000 0.000000 0.000000 0.000000 0.000000 0.000000 0.000000 0.000000 0.000000 0.000000 0.000000 0.000000 0.000000 0.000000 0.000000 0.000000 0.000000 0.000000 0.000000 0.000000 0.000000 0.000000 0.000000 0.000000 0.000000 0.000000 0.000000 0.000000 0.000000 0.000000 0.000000 0.000000 0.000000 0.000000 0.000000 0.000000 0.000000 0.000000 0.000000 0.000000 0.000000 0.000000 
d
3
319 237
7
282 199 357 275
225
0.000000 0.000000 0.000000 0.000000 0.000000 0.000000 0.000000 0.000000 0.000000 0.000000 0.000000 0.000000 0.000000 0.000000 0.000000 0.000000 0.000000 0.000000 0.000000 0.000000 0.000000 0.000000 0.000000 0.000000 0.000000 0.000000 0.000000 0.000000 0.000000 0.000000 0.000000 0.000000 0.000000 0.000000 0.000000 0.000000 0.000000 0.000000 0.000000 0.000000 0.000000 0.000000 0.000000 0.000000 0.000000 0.000000 0.000000 0.000000 0.000000 0.000000 0.000000 0.000000 0.000000 0.000000 0.000000 0.000000 0.000000 0.000000 0.000000 0.000000 0.000000 0.000000 0.000000 0.000000 0.000000 0.000000 0.000000 0.000000 0.000000 0.000000 0.000000 0.000000 0.000000 0.000000 0.000000 0.000000 0.000000 0.000000 0.000000 0.000000 0.000000 0.000000 0.000000 0.000000 0.000000 0.000000 0.000000 0.000000 0.000000 0.000000 0.000000 0.000000 0.000000 0.000000 0.000000 0.000000 0.000000 0.000000 0.000000 0.000000 0.000000 0.000000 0.000000 0.000000 0.000000 0.000000 0.000000 0.000000 0.000000 0.000000 0.000000 0.000000 0.000000 0.000000 0.000000 0.000000 22.604646 30.139528 0.000000 0.000000 37.674410 22.604646 0.000000 27.627900 37.674410 12.558137 0.000000 37.674410 35.162782 0.000000 12.558137 15.069764 12.558137 0.000000 22.604646 0.000000 20.093019 7.534882 15.069764 0.000000 25.116273 17.581391 5.023255 5.023255 25.116273 17.581391 0.000000 0.000000 17.581391 20.093019 0.000000 2.511627 35.162782 0.000000 0.000000 10.046509 22.604646 0.000000 0.000000 15.069764 17.581391 0.000000 0.000000 30.139528 2.511627 0.000000 0.000000 17.581391 0.000000 0.000000 0.000000 12.558137 0.000000 0.000000 7.534882 5.023255 0.000000 0.000000 10.046509 0.000000 0.000000 0.000000 0.000000 0.000000 0.000000 0.000000 0.000000 0.000000 0.000000 0.000000 0.000000 0.000000 0.000000 0.000000 0.000000 0.000000 0.000000 0.000000 0.000000 0.000000 0.000000 0.000000 0.000000 0.000000 0.000000 0.000000 0.000000 0.000000 0.000000 0.000000 0.000000 0.000000 0.000000 0.000000 0.000000 0.000000 0.000000 0.000000 0.000000 0.000000 0.000000 0.000000 0.000000 0.000000 0.000000 
d
2
310 249
10
244 177 379 292
225
0.000000 0.000000 0.000000 0.000000 0.000000 0.000000 0.000000 0.000000 0.000000 0.000000 0.000000 0.000000 0.000000 0.000000 0.000000 0.000000 0.000000 0.000000 0.000000 0.000000 0.000000 0.000000 0.000000 0.000000 0.000000 0.000000 0.000000 0.000000 0.000000 0.000000 0.000000 0.000000 0.000000 0.000000 0.000000 0.000000 0.000000 0.000000 0.000000 0.000000 0.000000 0.000000 0.000000 0.000000 0.000000 0.000000 0.000000 0.000000 0.000000 0.000000 0.000000 0.000000 0.000000 0.000000 0.000000 0.000000 0.000000 0.000000 15.293614 19.117017 21.028719 0.000000 0.000000 0.000000 0.000000 0.000000 0.000000 0.000000 19.117017 21.028719 13.381912 0.000000 17.205316 3.823403 0.000000 3.823403 13.381912 0.000000 0.000000 0.000000 0.000000 0.000000 17.205316 5.735105 0.000000 13.381912 11.470210 13.381912 0.000000 0.000000 0.000000 13.381912 0.000000 1.911702 24.852123 0.000000 0.000000 13.381912 0.000000 0.000000 0.000000 34.410631 0.000000 0.000000 0.000000 0.000000 13.381912 0.000000 34.410631 15.293614 34.410631 0.000000 15.293614 0.000000 0.000000 0.000000 3.823403 0.000000 0.000000 0.000000 0.000000 13.381912 9.558509 11.470210 0.000000 17.205316 21.028719 1.911702 0.000000 0.000000 0.000000 0.000000 0.000000 0.000000 0.000000 0.000000 13.381912 22.940421 0.000000 0.000000 0.000000 32.498930 0.000000 0.000000 0.000000 0.000000 0.000000 0.000000 0.000000 0.000000 0.000000 0.000000 32.498930 0.000000 0.000000 0.000000 32.498930 0.000000 0.000000 0.000000 0.000000 0.000000 0.000000 0.000000 0.000000 0.000000 0.000000 24.852123 0.000000 0.000000 0.000000 1.911702 0.000000 0.000000 0.000000 0.000000 0.000000 0.000000 0.000000 0.000000 0.000000 0.000000 0.000000 0.000000 0.000000 0.000000 0.000000 0.000000 0.000000 0.000000 0.000000 0.000000 0.000000 0.000000 0.000000 0.000000 0.000000 0.000000 0.000000 0.000000 0.000000 0.000000 0.000000 0.000000 0.000000 0.000000 0.000000 0.000000 0.000000 0.000000 0.000000 0.000000 0.000000 0.000000 0.000000 0.000000 0.000000 0.000000 0.000000 0.000000 0.000000 0.000000 0.000000 0.000000 0.000000 
d
5
433 239
10
372 186 489 292
225
0.000000 0.000000 0.000000 0.000000 0.000000 0.000000 0.000000 0.000000 0.000000 0.000000 0.000000 0.000000 0.000000 0.000000 0.000000 0.000000 0.000000 0.000000 0.000000 0.000000 0.000000 0.000000 0.000000 0.000000 0.000000 0.000000 0.000000 0.000000 0.000000 0.000000 0.000000 0.000000 0.000000 0.000000 0.000000 0.000000 0.000000 0.000000 0.000000 0.000000 0.000000 0.000000 0.000000 0.000000 0.000000 0.000000 0.000000 0.000000 0.000000 0.000000 0.000000 0.000000 0.000000 0.000000 0.000000 0.000000 0.000000 0.000000 4.803840 2.401920 0.000000 0.000000 21.617279 16.813439 0.000000 0.000000 7.205760 0.000000 0.000000 0.000000 0.000000 0.000000 0.000000 21.617279 21.617279 0.000000 0.000000 19.215359 16.813439 4.803840 31.224959 21.617279 16.813439 0.000000 21.617279 31.224959 26.421119 0.000000 14.411519 16.813439 0.000000 7.205760 9.607680 16.813439 26.421119 2.401920 0.000000 21.617279 7.205760 14.411519 0.000000 9.607680 19.215359 12.009600 14.411519 4.803840 16.813439 0.000000 14.411519 19.215359 0.000000 0.000000 14.411519 19.215359 0.000000 0.000000 0.000000 36.028799 0.000000 12.009600 60.047998 36.028799 0.000000 4.803840 0.000000 0.000000 0.000000 0.000000 28.823039 0.000000 0.000000 0.000000 16.813439 0.000000 0.000000 0.000000 24.019199 0.000000 0.000000 0.000000 0.000000 0.000000 0.000000 0.000000 0.000000 0.000000 0.000000 0.000000 0.000000 0.000000 0.000000 0.000000 0.000000 0.000000 0.000000 0.000000 0.000000 0.000000 0.000000 0.000000 0.000000 0.000000 0.000000 0.000000 0.000000 0.000000 0.000000 0.000000 0.000000 0.000000 0.000000 0.000000 0.000000 0.000000 0.000000 0.000000 0.000000 0.000000 0.000000 0.000000 0.000000 0.000000 0.000000 0.000000 0.000000 0.000000 0.000000 0.000000 0.000000 0.000000 0.000000 0.000000 0.000000 0.000000 0.000000 0.000000 0.000000 0.000000 0.000000 0.000000 0.000000 0.000000 0.000000 0.000000 0.000000 0.000000 0.000000 0.000000 0.000000 0.000000 0.000000 0.000000 0.000000 0.000000 0.000000 0.000000 0.000000 0.000000 0.000000 0.000000 0.000000 0.000000 0.000000 0.000000 0.000000 
d
3
333 228
10
306 202 363 256
225
0.000000 0.000000 0.000000 0.000000 0.000000 0.000000 0.000000 0.000000 0.000000 0.000000 0.000000 0.000000 0.000000 0.000000 0.000000 0.000000 0.000000 0.000000 0.000000 0.000000 0.000000 0.000000 0.000000 0.000000 0.000000 0.000000 0.000000 0.000000 0.000000 0.000000 0.000000 0.000000 0.000000 0.000000 0.000000 0.000000 0.000000 0.000000 0.000000 0.000000 0.000000 0.000000 0.000000 0.000000 0.000000 0.000000 0.000000 0.000000 0.000000 0.000000 0.000000 0.000000 0.000000 0.000000 0.000000 0.000000 0.000000 0.000000 0.000000 0.000000 0.000000 0.000000 0.000000 0.000000 0.000000 0.000000 0.000000 0.000000 0.000000 0.000000 0.000000 0.000000 0.000000 0.000000 0.000000 0.000000 0.000000 0.000000 0.000000 0.000000 0.000000 0.000000 0.000000 0.000000 0.000000 0.000000 0.000000 0.000000 0.000000 0.000000 0.000000 0.000000 0.000000 0.000000 0.000000 0.000000 0.000000 0.000000 0.000000 0.000000 0.000000 0.000000 0.000000 0.000000 0.000000 35.560365 28.448292 0.000000 28.448292 35.560365 17.780183 0.000000 14.224146 28.448292 0.000000 0.000000 24.892256 28.448292 0.000000 10.668110 0.000000 14.224146 14.224146 14.224146 0.000000 21.336219 0.000000 32.004329 10.668110 17.780183 21.336219 14.224146 10.668110 14.224146 28.448292 0.000000 0.000000 39.116402 0.000000 0.000000 3.556037 39.116402 0.000000 0.000000 17.780183 21.336219 0.000000 0.000000 24.892256 7.112073 0.000000 0.000000 0.000000 0.000000 0.000000 0.000000 14.224146 0.000000 0.000000 14.224146 7.112073 0.000000 0.000000 17.780183 0.000000 0.000000 0.000000 0.000000 0.000000 0.000000 0.000000 0.000000 0.000000 0.000000 0.000000 0.000000 0.000000 0.000000 0.000000 0.000000 0.000000 0.000000 0.000000 0.000000 0.000000 0.000000 0.000000 0.000000 0.000000 0.000000 0.000000 0.000000 0.000000 0.000000 0.000000 0.000000 0.000000 0.000000 0.000000 0.000000 0.000000 0.000000 0.000000 0.000000 0.000000 0.000000 0.000000 0.000000 0.000000 0.000000 0.000000 0.000000 0.000000 0.000000 0.000000 0.000000 0.000000 0.000000 0.000000 0.000000 0.000000 0.000000 0.000000 0.000000 0.000000 
d
1
209 277
4
170 241 249 315
225
0.000000 0.000000 0.000000 0.000000 0.000000 0.000000 0.000000 0.000000 0.000000 0.000000 0.000000 0.000000 0.000000 0.000000 0.000000 0.000000 0.000000 0.000000 0.000000 0.000000 0.000000 0.000000 0.000000 0.000000 0.000000 0.000000 0.000000 0.000000 0.000000 0.000000 0.000000 0.000000 0.000000 0.000000 0.000000 0.000000 0.000000 0.000000 0.000000 0.000000 0.000000 0.000000 0.000000 0.000000 0.000000 0.000000 0.000000 0.000000 0.000000 0.000000 0.000000 0.000000 0.000000 0.000000 0.000000 0.000000 0.000000 0.000000 0.000000 0.000000 0.000000 0.000000 0.000000 0.000000 0.000000 0.000000 0.000000 0.000000 0.000000 0.000000 0.000000 0.000000 0.000000 0.000000 0.000000 0.000000 0.000000 0.000000 0.000000 0.000000 0.000000 0.000000 0.000000 0.000000 0.000000 0.000000 0.000000 0.000000 0.000000 0.000000 0.000000 0.000000 0.000000 0.000000 0.000000 0.000000 0.000000 0.000000 0.000000 0.000000 0.000000 0.000000 0.000000 0.000000 0.000000 0.000000 11.190101 33.570303 19.582677 39.165354 33.570303 13.987626 5.595051 0.000000 8.392576 33.570303 33.570303 8.392576 5.595051 0.000000 41.962879 30.772778 5.595051 19.582677 0.000000 8.392576 25.177727 39.165354 41.962879 30.772778 8.392576 5.595051 30.772778 36.367828 44.760404 0.000000 0.000000 0.000000 0.000000 0.000000 0.000000 0.000000 0.000000 0.000000 0.000000 0.000000 0.000000 0.000000 0.000000 0.000000 0.000000 0.000000 0.000000 0.000000 0.000000 0.000000 0.000000 0.000000 0.000000 0.000000 0.000000 0.000000 0.000000 0.000000 0.000000 0.000000 0.000000 0.000000 0.000000 0.000000 0.000000 0.000000 0.000000 0.000000 0.000000 0.000000 0.000000 0.000000 0.000000 0.000000 0.000000 0.000000 0.000000 0.000000 0.000000 0.000000 0.000000 0.000000 0.000000 0.000000 0.000000 0.000000 0.000000 0.000000 0.000000 0.000000 0.000000 0.000000 0.000000 0.000000 0.000000 0.000000 0.000000 0.000000 0.000000 0.000000 0.000000 0.000000 0.000000 0.000000 0.000000 0.000000 0.000000 0.000000 0.000000 0.000000 0.000000 0.000000 0.000000 0.000000 0.000000 0.000000 0.000000 0.000000 0.000000 
d
3
300 283
4
260 244 340 322
225
0.000000 0.000000 0.000000 0.000000 0.000000 0.000000 0.000000 0.000000 0.000000 0.000000 0.000000 0.000000 0.000000 0.000000 0.000000 0.000000 0.000000 0.000000 0.000000 0.000000 0.000000 0.000000 0.000000 0.000000 0.000000 0.000000 0.000000 0.000000 0.000000 0.000000 0.000000 0.000000 0.000000 0.000000 0.000000 0.000000 0.000000 0.000000 0.000000 0.000000 0.000000 0.000000 0.000000 0.000000 0.000000 0.000000 0.000000 0.000000 0.000000 0.000000 0.000000 0.000000 0.000000 0.000000 0.000000 0.000000 0.000000 0.000000 0.000000 0.000000 0.000000 0.000000 0.000000 0.000000 0.000000 0.000000 0.000000 0.000000 0.000000 0.000000 0.000000 0.000000 0.000000 0.000000 0.000000 0.000000 0.000000 0.000000 0.000000 0.000000 0.000000 0.000000 0.000000 0.000000 0.000000 0.000000 0.000000 0.000000 0.000000 0.000000 0.000000 0.000000 0.000000 0.000000 0.000000 0.000000 0.000000 0.000000 0.000000 0.000000 0.000000 0.000000 0.000000 0.000000 0.000000 28.732143 23.508117 0.000000 13.060065 36.568182 20.896104 0.000000 23.508117 33.956169 13.060065 0.000000 36.568182 36.568182 2.612013 2.612013 10.448052 15.672078 10.448052 26.120130 0.000000 20.896104 0.000000 23.508117 0.000000 23.508117 15.672078 2.612013 0.000000 23.508117 26.120130 0.000000 0.000000 33.956169 7.836039 0.000000 2.612013 41.792208 0.000000 0.000000 13.060065 28.732143 0.000000 0.000000 15.672078 18.284091 0.000000 0.000000 13.060065 0.000000 0.000000 0.000000 10.448052 0.000000 0.000000 0.000000 10.448052 0.000000 0.000000 15.672078 2.612013 0.000000 0.000000 0.000000 0.000000 0.000000 0.000000 0.000000 0.000000 0.000000 0.000000 0.000000 0.000000 0.000000 0.000000 0.000000 0.000000 0.000000 0.000000 0.000000 0.000000 0.000000 0.000000 0.000000 0.000000 0.000000 0.000000 0.000000 0.000000 0.000000 0.000000 0.000000 0.000000 0.000000 0.000000 0.000000 0.000000 0.000000 0.000000 0.000000 0.000000 0.000000 0.000000 0.000000 0.000000 0.000000 0.000000 0.000000 0.000000 0.000000 0.000000 0.000000 0.000000 0.000000 0.000000 0.000000 0.000000 0.000000 0.000000 0.000000 0.000000 
d
1
332 188
4
186 41 479 337
225
0.000000 0.000000 0.000000 0.000000 0.000000 0.000000 0.000000 0.000000 0.000000 0.000000 0.000000 0.000000 0.000000 0.000000 0.000000 0.000000 0.000000 0.000000 0.000000 0.000000 0.000000 0.000000 0.000000 0.000000 0.000000 0.000000 0.000000 0.000000 0.000000 0.000000 0.000000 0.000000 0.000000 0.000000 0.000000 0.000000 0.000000 0.000000 0.000000 0.000000 0.000000 0.000000 0.000000 0.000000 0.000000 0.000000 0.000000 0.000000 0.000000 0.000000 0.000000 0.000000 0.000000 0.000000 0.000000 0.000000 0.000000 0.000000 0.000000 0.000000 0.000000 0.000000 0.000000 0.000000 0.000000 0.000000 0.000000 0.000000 0.000000 0.000000 0.000000 0.000000 0.000000 0.000000 0.000000 0.000000 0.000000 0.000000 0.000000 0.000000 0.000000 0.000000 0.000000 0.000000 0.000000 0.000000 0.000000 0.000000 0.000000 0.000000 0.000000 0.000000 0.000000 0.000000 0.000000 0.000000 0.000000 0.000000 0.000000 0.000000 0.000000 0.000000 0.000000 0.000000 0.000000 0.000000 0.000000 0.000000 0.000000 0.000000 0.000000 0.000000 0.000000 0.000000 0.000000 0.000000 0.000000 0.000000 0.000000 0.000000 9.804066 0.000000 0.000000 0.000000 0.000000 0.000000 0.000000 0.000000 0.000000 0.000000 0.000000 0.000000 0.000000 0.000000 0.000000 35.714812 40.616845 39.916554 41.317135 41.317135 41.317135 38.515973 42.017426 42.717716 39.916554 37.115393 42.017426 42.017426 40.616845 42.017426 0.000000 0.000000 0.000000 0.000000 0.000000 0.000000 0.000000 0.000000 0.000000 0.000000 0.000000 0.000000 0.000000 0.000000 0.000000 0.000000 0.000000 0.000000 0.000000 0.000000 0.000000 0.000000 0.000000 0.000000 0.000000 0.000000 0.000000 0.000000 0.000000 0.000000 0.000000 0.000000 0.000000 0.000000 0.000000 0.000000 0.000000 0.000000 0.000000 0.000000 0.000000 0.000000 0.000000 0.000000 0.000000 0.000000 0.000000 0.000000 0.000000 0.000000 0.000000 0.000000 0.000000 0.000000 0.000000 0.000000 0.000000 0.000000 0.000000 0.000000 0.000000 0.000000 0.000000 0.000000 0.000000 0.000000 0.000000 0.000000 0.000000 0.000000 0.000000 0.000000 0.000000 0.000000 0.000000 
d
1
310 209
10
204 102 419 315
225
0.000000 0.000000 0.000000 0.000000 0.000000 0.000000 0.000000 0.000000 0.000000 0.000000 0.000000 0.000000 0.000000 0.000000 0.000000 0.000000 0.000000 0.000000 0.000000 0.000000 0.000000 0.000000 0.000000 0.000000 0.000000 0.000000 0.000000 0.000000 0.000000 0.000000 0.000000 0.000000 0.000000 0.000000 0.000000 0.000000 0.000000 0.000000 0.000000 0.000000 0.000000 0.000000 0.000000 0.000000 0.000000 0.000000 0.000000 0.000000 0.000000 0.000000 0.000000 0.000000 0.000000 0.000000 0.000000 0.000000 0.000000 0.000000 0.000000 0.000000 0.000000 0.000000 0.000000 0.000000 0.000000 0.000000 0.000000 0.000000 0.000000 0.000000 0.000000 0.000000 0.000000 0.000000 0.000000 0.000000 0.000000 0.000000 0.000000 0.000000 0.000000 0.000000 0.000000 0.000000 0.000000 0.000000 0.000000 0.000000 0.000000 0.000000 0.000000 0.000000 0.000000 0.000000 0.000000 0.000000 0.000000 0.000000 0.000000 0.000000 0.000000 0.000000 0.000000 0.000000 0.000000 0.000000 0.000000 0.000000 0.000000 0.000000 0.000000 0.000000 0.000000 0.000000 0.000000 0.000000 0.000000 0.000000 0.000000 0.000000 0.000000 0.000000 0.000000 0.000000 0.000000 0.000000 0.000000 0.000000 0.000000 0.000000 0.000000 0.000000 1.907782 0.000000 0.000000 41.017323 38.155650 34.340085 40.063432 41.971215 37.201758 37.201758 41.971215 40.063432 38.155650 38.155650 40.063432 36.247867 37.201758 38.155650 0.000000 0.000000 0.000000 0.000000 0.000000 0.000000 0.000000 0.000000 0.000000 0.000000 0.000000 0.000000 0.000000 0.000000 0.000000 0.000000 0.000000 0.000000 0.000000 0.000000 0.000000 0.000000 0.000000 0.000000 0.000000 0.000000 0.000000 0.000000 0.000000 0.000000 0.000000 0.000000 0.000000 0.000000 0.000000 0.000000 0.000000 0.000000 0.000000 0.000000 0.000000 0.000000 0.000000 0.000000 0.000000 0.000000 0.000000 0.000000 0.000000 0.000000 0.000000 0.000000 0.000000 0.000000 0.000000 0.000000 0.000000 0.000000 0.000000 0.000000 0.000000 0.000000 0.000000 0.000000 0.000000 0.000000 0.000000 0.000000 0.000000 0.000000 0.000000 0.000000 0.000000 0.000000 0.000000 
d
3
323 224
10
210 113 437 338
225
0.000000 0.000000 0.000000 0.000000 0.000000 0.000000 0.000000 0.000000 0.000000 0.000000 0.000000 0.000000 0.000000 0.000000 0.000000 0.000000 0.000000 0.000000 0.000000 0.000000 0.000000 0.000000 0.000000 0.000000 0.000000 0.000000 0.000000 0.000000 0.000000 0.000000 0.000000 0.000000 0.000000 0.000000 0.000000 0.000000 0.000000 0.000000 0.000000 0.000000 0.000000 0.000000 0.000000 0.000000 0.000000 0.000000 0.000000 0.000000 0.000000 0.000000 0.000000 0.000000 0.000000 0.000000 0.000000 0.000000 0.000000 0.000000 0.000000 0.000000 0.000000 0.000000 0.000000 0.000000 0.000000 0.000000 0.000000 0.000000 0.000000 0.000000 0.000000 0.000000 0.000000 0.000000 0.000000 0.000000 0.000000 0.000000 0.000000 0.000000 0.000000 0.000000 0.000000 0.000000 0.000000 0.000000 0.000000 0.000000 0.000000 0.000000 0.000000 0.000000 0.000000 0.000000 0.000000 0.000000 0.000000 0.000000 0.000000 0.000000 0.000000 0.000000 0.000000 0.000000 0.000000 0.000000 0.000000 0.000000 0.000000 0.000000 0.000000 0.000000 0.000000 0.000000 0.000000 0.000000 0.000000 0.000000 0.000000 0.000000 37.509189 32.150733 0.000000 13.396139 36.616113 23.219974 0.000000 19.647670 36.616113 10.716911 0.000000 33.043809 38.402265 0.893076 1.786152 0.000000 7.144607 14.289215 21.433822 0.000000 19.647670 5.358456 23.219974 0.000000 20.540746 16.075367 6.251531 0.000000 21.433822 22.326898 0.000000 0.000000 25.006126 11.609987 0.000000 0.000000 35.723037 0.000000 0.000000 16.968443 18.754594 0.000000 0.000000 19.647670 17.861519 0.000000 0.000000 16.075367 0.000000 0.000000 0.000000 16.075367 0.000000 0.000000 0.000000 21.433822 0.000000 0.000000 10.716911 9.823835 0.000000 0.000000 0.000000 0.000000 0.000000 0.000000 0.000000 0.000000 0.000000 0.000000 0.000000 0.000000 0.000000 0.000000 0.000000 0.000000 0.000000 0.000000 0.000000 0.000000 0.000000 0.000000 0.000000 0.000000 0.000000 0.000000 0.000000 0.000000 0.000000 0.000000 0.000000 0.000000 0.000000 0.000000 0.000000 0.000000 0.000000 0.000000 0.000000 0.000000 0.000000 0.000000 0.000000 0.000000 0.000000 
d
3
459 305
5
430 276 488 334
225
0.000000 0.000000 0.000000 0.000000 0.000000 0.000000 0.000000 0.000000 0.000000 0.000000 0.000000 0.000000 0.000000 0.000000 0.000000 0.000000 0.000000 0.000000 0.000000 0.000000 0.000000 0.000000 0.000000 0.000000 0.000000 0.000000 0.000000 0.000000 0.000000 0.000000 0.000000 0.000000 0.000000 0.000000 0.000000 0.000000 0.000000 0.000000 0.000000 0.000000 0.000000 0.000000 0.000000 0.000000 0.000000 0.000000 0.000000 0.000000 0.000000 0.000000 0.000000 0.000000 0.000000 0.000000 0.000000 0.000000 0.000000 0.000000 0.000000 0.000000 0.000000 0.000000 0.000000 0.000000 0.000000 0.000000 0.000000 0.000000 0.000000 0.000000 0.000000 0.000000 0.000000 0.000000 0.000000 0.000000 0.000000 0.000000 0.000000 0.000000 0.000000 0.000000 0.000000 0.000000 0.000000 0.000000 0.000000 0.000000 0.000000 0.000000 0.000000 0.000000 0.000000 0.000000 0.000000 0.000000 0.000000 0.000000 0.000000 0.000000 0.000000 0.000000 0.000000 0.000000 0.000000 37.430690 6.805580 0.000000 27.222320 37.430690 20.416740 0.000000 27.222320 23.819530 0.000000 0.000000 30.625110 10.208370 0.000000 6.805580 0.000000 30.625110 3.402790 13.611160 0.000000 20.416740 17.013950 13.611160 17.013950 0.000000 30.625110 6.805580 30.625110 0.000000 30.625110 0.000000 6.805580 40.833481 3.402790 0.000000 0.000000 34.027900 0.000000 0.000000 34.027900 13.611160 0.000000 6.805580 27.222320 6.805580 0.000000 0.000000 13.611160 0.000000 0.000000 0.000000 0.000000 0.000000 0.000000 20.416740 0.000000 0.000000 0.000000 30.625110 0.000000 0.000000 0.000000 0.000000 0.000000 0.000000 0.000000 0.000000 0.000000 0.000000 0.000000 0.000000 0.000000 0.000000 0.000000 0.000000 0.000000 0.000000 0.000000 0.000000 0.000000 0.000000 0.000000 0.000000 0.000000 0.000000 0.000000 0.000000 0.000000 0.000000 0.000000 0.000000 0.000000 0.000000 0.000000 0.000000 0.000000 0.000000 0.000000 0.000000 0.000000 0.000000 0.000000 0.000000 0.000000 0.000000 0.000000 0.000000 0.000000 0.000000 0.000000 0.000000 0.000000 0.000000 0.000000 0.000000 0.000000 0.000000 0.000000 0.000000 0.000000 
d
